100002618308350
100002942668488
100002971394654
100002982353779
100003002937354
100003025001205
100003064540338
100003083446605
100003093543827
100003352838473
100003391820764
100003487963608
100003504224713
100003550069130
100003556451542
100003650469667
100003665649751
100003690970462
100003730948693
100003797480726
100003812805573
100003843053910
100003863252686
100003893282472
100003893848073
100003931810915
100003932245225
100003972573372
100003985633490
100004006988131
100004013518796
100004019397582
100004022394704
100004057790543
100004209828997
100004256287751
100004284640251
100004293017139
100004313829487
100004334739070
100004348936243
100004350499061
100004371379549
100004384484872
100004405140949
100004408098515
100004410015427
100004411813215
100004429923747
100004441667655
100004452755696
100004520521199
100004620884199
100004638889208
100004656940372
100004681248049
100004706526046
100004711150306
100004732908180
100004737250304
100004761498785
100004802503282
100004813447184
100004822516097
100004823017647
100004837774324
100004855095222
100004861928732
100004879656144
100004904388711
100004981546516
100004982208083
100004992757442
100005050216297
100005051051846
100005075595163
100005081493428
100005106947951
100005113266646
100005138837020
100005156056954
100005185129475
100005226197840
100005229036107
100005249220969
100005255868934
100005263907816
100005265547318
100005330205147
100005345658376
100005348104641
100005352518483
100005372972458
100005415817649
100005417134554
100005426291595
100005427879868
100005430488967
100005466431677
100005510689510
100005517075292
100005531625858
100005562227062
100005564086425
100005577072689
100005584328811
100005595467250
100005602998607
100005621892801
100005647202500
100005652395802
100005702316069
100005709692318
100005782084456
100005803780463
100005809445316
100005816296236
100005881210446
100005898452599
100005910886582
100005935091668
100005954052646
100005957024112
100005964169020
100005968566339
100006021157084
100006028396102
100006035114824
100006041689103
100006055001997
100006062746261
100006064380166
100006141997063
100006144828379
100006145845791
100006201521925
100006222939268
100006229787163
100006251833854
100006271214663
100006277605706
100006298441961
100006299596953
100006317688125
100006317919793
100006320107493
100006328367694
100006332651361
100006404565098
100006409842996
100006411436186
100006414733615
100006419431773
100006431419816
100006434223789
100006441529857
100006482316160
100006487323537
100006508090872
100006515834486
100006520927494
100006521671333
100006535174606
100006565388881
100006566118502
100006568353568
100006576039545
100006579370991
100006648257149
100006649335562
100006650319245
100006659776792
100006677806341
100006699391709
100006706875046
100006720104560
100006733267649
100006794013132
100006802836649
100006810858853
100006824800658
100006829150013
100006836742907
100006837198702
100006868126149
100006871505928
100006878890685
100006884912168
100006904839741
100006932676860
100006933340968
100006952240775
100006955331772
100006987796466
100007017360840
100007019040945
100007030809936
100007032252789
100007051538617
100007064864848
100007075202039
100007078098589
100007079297167
100007081210010
100007123087840
100007132846686
100007255445549
100007271777953
100007283611213
100007286415654
100007289520727
100007367496433
100007390458712
100007410134363
100007421419049
100007430162800
100007435665512
100007442071204
100007445100436
100007457594545
100007465264590
100007486934017
100007489981115
100007508387081
100007522323561
100007545732216
100007555651693
100007559731139
100007563828149
100007581875298
100007593423813
100007593462569
100007599348194
100007616958449
100007619265717
100007622598659
100007640797332
100007642933707
100007646447215
100007675607763
100007678770297
100007691589081
100007695423996
100007707694172
100007740399902
100007760100770
100007768301911
100007777575912
100007780804506
100007794788436
100007821096719
100007829358786
100007832673979
100007836731529
100007872033609
100007872093743
100007873776156
100007874463668
100007879322615
100007900116441
100007900578132
100007913011374
100007915276796
100007931201315
100007971300834
100007974103689
100007982350102
100007986481923
100008012501961
100008013791766
100008063194952
100008071083984
100008071950664
100008076648312
100008100191555
100008110844805
100008125110056
100008132760531
100008136048671
100008143332039
100008154455400
100008171923997
100008192647709
100008210629354
100008251534556
100008253797199
100008284802617
100008302472407
100008316228353
100008316370318
100008321226571
100008356214794
100008363317208
100008365903339
100008390987464
100008409524713
100008414701060
100008417191677
100008418817263
100008423713433
100008440326458
100008460696011
100008478364138
100008479488009
100008486146331
100008514222586
100008523308617
100008541728626
100008543171037
100008547495487
100008552558111
100008573957981
100008583949150
100008594832196
100008638216139
100008647398816
100008649999512
100008669617459
100008685724181
100008686450240
100008700821149
100008705589144
100008706843262
100008734819504
100008736420781
100008743230678
100008762928140
100008773980845
100008806392671
100008839538682
100008843021287
100008848457028
100008872957589
100008882975460
100008904220097
100008904768023
100008913158317
100008950336954
100008958671993
100008983805054
100008992984949
100009016521159
100009017710095
100009023026310
100009034783484
100009054170140
100009057681436
100009066339697
100009071664683
100009100717259
100009104398325
100009114183471
100009118781190
100009132264281
100009133337309
100009134154839
100009143553096
100009146263186
100009153695265
100009157348482
100009158538322
100009158737017
100009181776487
100009197833218
100009198745661
100009203524580
100009217860555
100009219923872
100009224687358
100009251960673
100009252024855
100009258237920
100009269120263
100009284891981
100009286265143
100009288461766
100009290818816
100009292048014
100009298502239
100009301344698
100009306996026
100009307585846
100009318331855
100009324213151
100009325807648
100009347059679
100009358885549
100009375944871
100009386474464
100009387877235
100009393472323
100009398457626
100009400613521
100009410198024
100009422134472
100009424416336
100009440959211
100009442779915
100009446246334
100009449267664
100009462013867
100009470120254
100009472657634
100009473681701
100009484827983
100009488536089
100009490927188
100009497387966
100009502356794
100009503180188
100009508682321
100009539947438
100009554046794
100009574898281
100009588211651
100009591941989
100009594183044
100009597963709
100009600480436
100009606466954
100009606890896
100009626420371
100009633645000
100009641657898
100009642675188
100009646311241
100009653210147
100009660909977
100009671344738
100009673395598
100009682682536
100009684938254
100009704145213
100009706992421
100009707325148
100009707553329
100009713082263
100009713851976
100009715999103
100009721173747
100009721606031
100009730142823
100009738580938
100009741797962
100009742819034
100009747523823
100009751774731
100009752208337
100009757203620
100009768036731
100009768977160
100009770985107
100009771721169
100009778839158
100009780396261
100009789240874
100009793657206
100009795467004
100009798210756
100009815538617
100009822368924
100009832415667
100009835754592
100009842136361
100009869927581
100009873122152
100009881802795
100009898308474
100009914508936
100009921492309
100009931723905
100009936547293
100009945491563
100009967900989
100009971473214
100009971732889
100009974555342
100009980404483
100009981702429
100009986114210
100009987135633
100009990127202
100009994008653
100009996848402
100010001910843
100010002285010
100010007206898
100010016556872
100010018332841
100010021876902
100010024306487
100010024891202
100010028167334
100010033482775
100010034802349
100010040741532
100010069694502
100010078179029
100010078685554
100010088046247
100010105901358
100010107276168
100010108324064
100010111488679
100010112884067
100010114519316
100010118266077
100010124448099
100010128163968
100010129655507
100010133526337
100010134768764
100010135680984
100010143991395
100010162963516
100010166237085
100010170581589
100010171935278
100010186297317
100010188272154
100010191273811
100010200996243
100010211524628
100010219238433
100010236034770
100010236109399
100010243296579
100010252697327
100010253014602
100010253131348
100010266543419
100010267879290
100010268495264
100010269961845
100010274163088
100010279477837
100010279711282
100010279711521
100010285008994
100010287375569
100010292446956
100010292619765
100010293223533
100010294120165
100010303831202
100010309470230
100010330266867
100010337175855
100010341642792
100010342607437
100010342981492
100010345804064
100010347244024
100010347454698
100010372385206
100010386634858
100010398100001
100010401930619
100010402186717
100010402474202
100010405665038
100010406651283
100010406880245
100010412314381
100010441567896
100010452759424
100010455038448
100010464391836
100010467006303
100010475258871
100010477967999
100010480488296
100010488000972
100010490235266
100010493465171
100010497346741
100010500193167
100010501067095
100010504142931
100010505868368
100010527153419
100010534506576
100010538044626
100010543307668
100010549006131
100010555203627
100010562768943
100010571734933
100010571736550
100010572582243
100010575137409
100010575378974
100010578903830
100010579295696
100010579518512
100010580077239
100010593498159
100010618363378
100010618780293
100010619190810
100010619681088
100010628490635
100010631807925
100010646238586
100010655238152
100010658852872
100010660744309
100010670133073
100010672204256
100010688566525
100010690787816
100010692490853
100010696608247
100010698463462
100010699682695
100010702507104
100010704549043
100010705727269
100010716334689
100010727651160
100010729064529
100010737121009
100010743857739
100010748075822
100010752992871
100010760146696
100010774952290
100010777368615
100010788524997
100010800847616
100010810125010
100010815795886
100010820318419
100010827739020
100010829924071
100010858571874
100010860163406
100010862433688
100010875366679
100010877375210
100010884634429
100010886439559
100010890426715
100010893361799
100010902788616
100010913357925
100010914513364
100010921449276
100010923274679
100010943028829
100010953701573
100010953942265
100010967199873
100010972301100
100010981337242
100010987953295
100010988825185
100010989373863
100010991056205
100010992317196
100010996052625
100011008066429
100011008873619
100011011423321
100011014988295
100011017210204
100011024862882
100011026682469
100011031166302
100011052226824
100011054262742
100011055334830
100011055993835
100011070092122
100011078385650
100011079843391
100011080273786
100011086963684
100011087255208
100011089535744
100011093286655
100011097510891
100011098451411
100011098503054
100011108797960
100011113443573
100011118065816
100011120010555
100011127768990
100011128065102
100011140693159
100011144940889
100011152068983
100011163786054
100011164726677
100011175765257
100011183408377
100011183950167
100011194398556
100011197172421
100011198807906
100011214793606
100011219821341
100011221714939
100011231674716
100011242328506
100011247249870
100011253738034
100011257122662
100011257985890
100011265672014
100011266062680
100011269232141
100011286243647
100011288316382
100011295724518
100011302236632
100011305418335
100011310333875
100011311656974
100011312043975
100011315326413
100011322840410
100011326193663
100011331125957
100011333257340
100011338683864
100011345189277
100011361551810
100011363397032
100011365345681
100011378237131
100011379466876
100011389648360
100011395824055
100011412487054
100011413344680
100011416998967
100011419478030
100011420019837
100011421519964
100011425016754
100011425888334
100011428395429
100011428686303
100011429330553
100011431902949
100011435093616
100011442398882
100011445974512
100011446534607
100011449713274
100011456000273
100011456550703
100011463157286
100011464695657
100011466181176
100011473815576
100011493584998
100011494235562
100011498716481
100011504644764
100011529916396
100011529948681
100011531055540
100011534808002
100011539148163
100011570043081
100011571077381
100011576763732
100011583615694
100011610513612
100011636137369
100011638389730
100011657570251
100011666884784
100011671696226
100011677692627
100011679692904
100011689951410
100011708662293
100011711911879
100011713327950
100011717377618
100011719476297
100011721486145
100011725802983
100011737099499
100011737123283
100011746178831
100011748088641
100011772910479
100011784253744
100011789644901
100011810109822
100011832034677
100011838121532
100011839682207
100011851967266
100011858377420
100011863299983
100011872467515
100011890501177
100011896306857
100011904992231
100011916974456
100011953427977
100011955799056
100011961552669
100011962782315
100011967432808
100012002057703
100012014413331
100012019384557
100012071733184
100012087369568
100012093275392
100012101621192
100012102219148
100012110945410
100012116146404
100012117763131
100012134132076
100012153346895
100012159393218
100012183881445
100012185076119
100012187328403
100012192041582
100012193146873
100012194117979
100012194745679
100012205956873
100012228480869
100012232546858
100012232576408
100012233357701
100012240222846
100012247569468
100012256781896
100012269742019
100012280142543
100012280694139
100012281748226
100012298662385
100012305172506
100012309309377
100012317295580
100012321708039
100012332086540
100012341715984
100012346875488
100012362740462
100012363797108
100012366101687
100012369197080
100012378137940
100012379771218
100012380134795
100012384400256
100012401346832
100012405378423
100012417964550
100012418728370
100012420125973
100012421156091
100012425803362
100012434523963
100012436238307
100012439034097
100012442753550
100012445144002
100012446885116
100012447819924
100012452194183
100012453073568
100012455626651
100012464655340
100012480814952
100012482738396
100012492702230
100012492930796
100012500324717
100012504378577
100012506888655
100012507751146
100012507818143
100012511246678
100012522998582
100012529450054
100012529938868
100012529953019
100012544062586
100012559399500
100012562832043
100012563537615
100012564971882
100012565722755
100012576635002
100012582828265
100012589302688
100012605584687
100012609303274
100012612396570
100012615633608
100012629941606
100012633010898
100012636134264
100012640272073
100012643930041
100012648581423
100012657220837
100012657780015
100012670200946
100012672963966
100012680321428
100012682657095
100012683467021
100012707373723
100012710320456
100012714722468
100012714993453
100012722101104
100012732073746
100012732285175
100012733050177
100012734943518
100012749141611
100012761463673
100012771044329
100012780973283
100012785263968
100012788436790
100012796478847
100012801668209
100012801870433
100012803471704
100012804704485
100012805394128
100012805653238
100012805898510
100012808832284
100012812610974
100012820950990
100012823727201
100012839265833
100012856111571
100012870154315
100012871959423
100012875833820
100012891517011
100012897646514
100012912940711
100012912994340
100012915315882
100012917951120
100012919571858
100012942001858
100012948635351
100012949035032
100012952326694
100012961811607
100012967594389
100012972158671
100012982230193
100012984211257
100012991872835
100012997698994
100013002857905
100013018954806
100013040592383
100013049255294
100013052732826
100013060560426
100013061082102
100013061864955
100013086074784
100013091383598
100013096420365
100013096867350
100013105741327
100013106700223
100013111655293
100013113963323
100013114366254
100013115646755
100013125751320
100013125842412
100013129505472
100013133943835
100013140820479
100013147367235
100013159533235
100013162992359
100013163101778
100013164633038
100013167706823
100013176570895
100013177921427
100013179393649
100013187859163
100013188186410
100013196326422
100013197518020
100013206587433
100013210304519
100013222508250
100013237866819
100013248935870
100013257188735
100013265854800
100013265885822
100013274611832
100013281790333
100013283590520
100013284344052
100013286374659
100013291783663
100013293214103
100013295948212
100013303890364
100013330426296
100013334653436
100013338467195
100013345620945
100013364823988
100013366779558
100013377048316
100013378482013
100013383434381
100013387662167
100013390561066
100013390846298
100013391678560
100013397465434
100013403945371
100013404462219
100013408412789
100013415019529
100013420478827
100013430170366
100013435812733
100013451172955
100013463140320
100013467450539
100013477155121
100013480904838
100013493748173
100013495599145
100013497640604
100013499017270
100013501844956
100013514610884
100013517533389
100013539853363
100013542125177
100013548078980
100013551993021
100013559044668
100013559687703
100013566038465
100013573414290
100013583199260
100013587390713
100013587401222
100013588921245
100013594422715
100013610266704
100013611840819
100013623036241
100013623847718
100013634670992
100013642569832
100013645181887
100013667508273
100013668945946
100013674930283
100013693573987
100013694289342
100013704998610
100013710573562
100013711699560
100013715254832
100013720754270
100013726655086
100013728249210
100013735055782
100013746334287
100013748082543
100013751173137
100013754552497
100013768086772
100013769676493
100013808132777
100013810744709
100013811474149
100013817416937
100013823831203
100013827423094
100013836077072
100013848552710
100013854817828
100013857229398
100013859225719
100013875936838
100013895945564
100013903121321
100013916404295
100013923401404
100013933121242
100013939443388
100013946950995
100013952680430
100013955404480
100013965256067
100013967322994
100013967982648
100013970565485
100013971195923
100013980519885
100014022124488
100014045343859
100014045537135
100014050428083
100014053352453
100014071428038
100014075282074
100014076215755
100014080569298
100014084416159
100014085819107
100014087795540
100014096112746
100014099779302
100014099866162
100014121459822
100014129025566
100014135419502
100014149032037
100014155008851
100014159230018
100014167687214
100014185479621
100014192166399
100014198282621
100014204857653
100014212179577
100014227306496
100014239515602
100014241585151
100014247005055
100014251211083
100014259665417
100014280859330
100014283946066
100014292302017
100014294825189
100014305574738
100014306192015
100014306470369
100014320747601
100014321532420
100014324767716
100014330894023
100014354883913
100014356544781
100014383148206
100014387826919
100014391649150
100014404183443
100014427790836
100014433499125
100014436842168
100014438656162
100014443605871
100014460435749
100014465955785
100014466215164
100014479904878
100014505600094
100014513774373
100014515128829
100014516971772
100014517709119
100014522775531
100014529945665
100014536353029
100014539086986
100014541990552
100014544488662
100014563860540
100014565397011
100014565795661
100014573351670
100014585947727
100014600165264
100014604432993
100014612388222
100014624409166
100014626986273
100014631481586
100014632173362
100014632655284
100014633746619
100014634490112
100014640586066
100014646067049
100014646873671
100014653548938
100014666893989
100014668728395
100014672594541
100014674146641
100014676332194
100014691241476
100014692846557
100014693198406
100014695418395
100014696732385
100014699086514
100014714767596
100014716684582
100014727409423
100014735526713
100014735535162
100014737903685
100014744223092
100014748526855
100014760360061
100014765081289
100014768626409
100014770632889
100014772098945
100014789671174
100014797087101
100014803360193
100014805462149
100014808372062
100014810296817
100014813528531
100014816735266
100014825088243
100014826762260
100014842574479
100014845387618
100014846645830
100014855771240
100014862975073
100014864733093
100014871912016
100014889751771
100014893544351
100014893838670
100014902063881
100014911036018
100014920805711
100014921854769
100014924070265
100014926449731
100014936568960
100014938660906
100014959305666
100014965234537
100014966386838
100014967340608
100014969773185
100014975347968
100014980053204
100014987443155
100014990867149
100014996582844
100014999411058
100015012128103
100015012815731
100015015730709
100015032569493
100015038776097
100015040891355
100015048429640
100015061268341
100015063961164
100015064471357
100015066280600
100015073474833
100015081550304
100015087078514
100015087849019
100015100961916
100015102514704
100015104559605
100015111153854
100015113383119
100015117812205
100015125134984
100015128640145
100015136631067
100015142664615
100015148447337
100015149551652
100015153378167
100015160574187
100015166567424
100015168469164
100015170973651
100015171909639
100015177785767
100015184053231
100015196541514
100015216614876
100015216699733
100015224761164
100015229266399
100015238360292
100015243406764
100015260024515
100015277420238
100015284043124
100015295266537
100015295302069
100015296258677
100015296738956
100015325837212
100015328360421
100015328595708
100015335730367
100015344086049
100015352170808
100015361592215
100015361717874
100015369007428
100015369371449
100015373184651
100015381212669
100015403508567
100015408976217
100015412571384
100015413283238
100015418035071
100015418296702
100015421059696
100015437594195
100015441698096
100015450120129
100015464026728
100015467161755
100015467348546
100015468156534
100015468730463
100015471061994
100015473290712
100015474663555
100015476130316
100015478363737
100015486761973
100015508459080
100015510241788
100015517899751
100015519064576
100015549394070
100015561332498
100015562666897
100015590135927
100015590583623
100015595144225
100015624943787
100015637652179
100015672827627
100015675492405
100015676862075
100015684670146
100015687857539
100015691576477
100015705016361
100015705797070
100015712394456
100015715126823
100015718901663
100015729765949
100015738881442
100015740190632
100015744662875
100015745787118
100015747402842
100015752167537
100015758807135
100015765668774
100015770615723
100015778924065
100015784366239
100015801273211
100015807282307
100015814876911
100015817650547
100015828309123
100015835985027
100015841419474
100015851766260
100015853716940
100015877532511
100015893498114
100015907486457
100015913839095
100015914024438
100015924162199
100015924254773
100015927436112
100015933312488
100015945009285
100015945696692
100015950022631
100015965975991
100015987879569
100016001490689
100016025532407
100016035004002
100016040892665
100016041103371
100016045140176
100016045265150
100016057890579
100016075211562
100016077735510
100016093118687
100016098726175
100016117594138
100016129113891
100016138570595
100016147084623
100016151072088
100016163165335
100016163253062
100016205679816
100016214790287
100016252036220
100016291323665
100016294026248
100016295770739
100016299734313
100016304377511
100016308436775
100016311794227
100016334377641
100016358589143
100016436771666
100016439114195
100016445043636
100016471908940
100016472856027
100016474862266
100016479582445
100016489985000
100016494619210
100016498268398
100016498478482
100016508377820
100016516119139
100016544564457
100016551755154
100016562227661
100016575796102
100016585669252
100016602034317
100016604823662
100016605934215
100016619981031
100016625352602
100016633394672
100016673163452
100016689377893
100016692541938
100016693382795
100016716181548
100016752013873
100016758458484
100016758556572
100016761248664
100016765188795
100016770799432
100016777595306
100016784411996
100016805745041
100016814470885
100016816536695
100016817983673
100016825690246
100016830883720
100016837715885
100016858066089
100016862732024
100016865853464
100016873772402
100016876151192
100016877431248
100016878095691
100016878498404
100016898894823
100016907263220
100016929137728
100016930325147
100016948202664
100016950221693
100016969681432
100016978955138
100016986841482
100017006826631
100017013399199
100017020178527
100017025457344
100017050111422
100017053927169
100017065931133
100017069682074
100017071632307
100017087525596
100017109257695
100017124557670
100017128336635
100017132679029
100017138472271
100017142615551
100017194294521
100017198492383
100017202755792
100017203149382
100017210319675
100017212176173
100017214843576
100017215215197
100017224052394
100017227513194
100017276912072
100017301906912
100017309085490
100017321198965
100017321657838
100017323457987
100017328642043
100017351742478
100017353544896
100017370794110
100017386756750
100017400072946
100017404037231
100017424211344
100017456408258
100017458682747
100017466481090
100017477646865
100017496198217
100017509749097
100017514032903
100017516313565
100017524020372
100017524690060
100017538421978
100017543528458
100017552927753
100017569812074
100017580344675
100017580930696
100017586962399
100017593990174
100017598883668
100017600021002
100017604152517
100017605877661
100017616887454
100017646643672
100017657379628
100017726296334
100017729950604
100017732327917
100017733558501
100017744616552
100017745249691
100017775485325
100017775844376
100017777888005
100017778097109
100017802272318
100017816281172
100017840283765
100017847991796
100017849656708
100017879770597
100017889788041
100017891946173
100017955482429
100017972076822
100017984948811
100017995536265
100018021043101
100018056112950
100018059701817
100018063138444
100018063160573
100018077865433
100018091189348
100018098112429
100018155710996
100018163577008
100018168097079
100018184871618
100018194648917
100018200896118
100018213995525
100018230325231
100018235965197
100018250500979
100018258769023
100018261579327
100018281921424
100018310419615
100018346444893
100018355321026
100018364698499
100018380862973
100018382094494
100018388391076
100018407683874
100018415578637
100018426101520
100018439722622
100018452891692
100018464441731
100018510420048
100018534828304
100018540967879
100018548340051
100018554085568
100018586800110
100018598800744
100018615335429
100018632538145
100018672762765
100018698954972
100018730808778
100018751593924
100018766293539
100018772636343
100018817384394
100018834480466
100018835000357
100018850302251
100018855540943
100018857432948
100018887415169
100018888121092
100018947793617
100018954277032
100018971617345
100018971683447
100018983208146
100018984639367
100018987006342
100018988186669
100018998143693
100019000337449
100019001526953
100019026272373
100019028975325
100019029305464
100019041818235
100019051419929
100019081157106
100019083333114
100019103555833
100019107067119
100019109760126
100019127946376
100019132600472
100019138509307
100019157284648
100019160402672
100019165743290
100019169797340
100019176810592
100019176946789
100019200079335
100019213419950
100019214442989
100019226107308
100019249308989
100019250490795
100019252414587
100019263426924
100019290974189
100019293515429
100019305248190
100019306416105
100019330033727
100019334057457
100019378084543
100019410881880
100019427643622
100019438007607
100019443214731
100019446817994
100019469567568
100019475610008
100019477688371
100019515398212
100019533795217
100019536661080
100019546964006
100019547443950
100019558175426
100019566367527
100019568344814
100019600209288
100019622896227
100019662397014
100019675680264
100019678181433
100019679433895
100019702621293
100019726682094
100019745496865
100019788125497
100019792457154
100019822784443
100019853138245
100019896181489
100019952534611
100019990183073
100020006949210
100020016517197
100020017117953
100020101184975
100020106464361
100020133724519
100020157308408
100020212964558
100020274910625
100020351146982
100020352571705
100020445101970
100020542660541
100020556660444
100020572360793
100020595367184
100020610277004
100020616738740
100020630342259
100020659792835
100020677126346
100020694994988
100020695032611
100020716419258
100020720162863
100020724561256
100020725116542
100020745274638
100020750032158
100020767511791
100020769640665
100020811882108
100020846345742
100020930388597
100020953937262
100020978859948
100020988380315
100020996224676
100021006695931
100021020662680
100021034050544
100021082067581
100021091134146
100021093457977
100021098070548
100021100385066
100021128471746
100021138819233
100021141620396
100021149760522
100021160983663
100021202862447
100021205981526
100021226505815
100021228580932
100021301386092
100021351501447
100021366921657
100021381620271
100021386540776
100021386647971
100021387233236
100021399682196
100021400273755
100021403154405
100021406434097
100021424429024
100021436817468
100021438679980
100021450195334
100021454781327
100021460956428
100021468902138
100021471533240
100021499223833
100021505211904
100021506236387
100021508743581
100021546099561
100021549932940
100021564788221
100021565841243
100021582214678
100021585073792
100021585588019
100021586157472
100021596920253
100021601866016
100021603675309
100021626229929
100021651435746
100021651788252
100021678510673
100021683313387
100021705138661
100021708090206
100021714711567
100021728293199
100021732067779
100021758322370
100021763794337
100021770647649
100021774983489
100021776051039
100021780789777
100021781733576
100021786314421
100021789593124
100021790012989
100021792572070
100021795700535
100021796953879
100021798584731
100021800570435
100021805299117
100021806886188
100021813760112
100021815591851
100021824708476
100021827897394
100021828041476
100021832412960
100021832643216
100021837700778
100021842920079
100021844125449
100021847514537
100021851262199
100021855936509
100021856042175
100021862127665
100021864948146
100021876243995
100021885496002
100021890737365
100021894407964
100021896443441
100021896692532
100021898982862
100021899754308
100021900124609
100021906363168
100021910849253
100021911492540
100021916602488
100021920446625
100021927411030
100021933393525
100021935919761
100021938252321
100021946494013
100021947165531
100021949022281
100021949171169
100021949868076
100021959172391
100021969820988
100021973253108
100021986062215
100021986868103
100021995160156
100021996834062
100022002492594
100022007897211
100022008960475
100022009241446
100022010211862
100022023882990
100022030142345
100022036696906
100022061504443
100022063427819
100022066387852
100022074200183
100022087333296
100022090793280
100022090939328
100022095138775
100022099982121
100022101471353
100022109390579
100022110101968
100022110696844
100022112857688
100022118241480
100022119464462
100022125720578
100022128845487
100022132698325
100022134492892
100022149783775
100022163175346
100022176469559
100022183188618
100022189062614
100022193525156
100022195279768
100022203272136
100022216263043
100022219181272
100022219270599
100022222210009
100022229000965
100022230257490
100022236128443
100022241732655
100022243817012
100022247164412
100022249992447
100022254971174
100022255967339
100022261911185
100022270542968
100022296406112
100022296552411
100022303999370
100022311133158
100022312252490
100022317499918
100022322753672
100022335791536
100022343656369
100022344857536
100022350034136
100022354357407
100022355076586
100022360364448
100022361266943
100022376018294
100022383232855
100022390293534
100022395150773
100022401083714
100022402598253
100022409673019
100022411170935
100022411830451
100022411880926
100022420067124
100022420352270
100022421466462
100022444811801
100022446105863
100022447080042
100022450950117
100022454404923
100022455240222
100022463475873
100022475360538
100022475550958
100022479949583
100022481332293
100022485607452
100022491851895
100022529918893
100022531911338
100022545200642
100022550048455
100022556360661
100022557436437
100022565497418
100022568570871
100022569336661
100022572990666
100022573323072
100022575577073
100022580460695
100022586572282
100022593735147
100022598083166
100022603042733
100022606605108
100022607631940
100022608825251
100022610161089
100022622497383
100022624633587
100022626525044
100022627051051
100022633512604
100022637923297
100022640347940
100022647906608
100022669701129
100022679520470
100022689354141
100022707287361
100022713365805
100022714449449
100022717281494
100022723814878
100022733423085
100022744593684
100022746915879
100022747351131
100022760903285
100022773318934
100022776310178
100022776662325
100022783752410
100022786413862
100022789845067
100022792292387
100022807505364
100022816658812
100022820715510
100022823058175
100022833305823
100022843244657
100022852748670
100022856465839
100022865743354
100022877271854
100022878270426
100022882297449
100022884708348
100022885865768
100022887948740
100022888102752
100022891098131
100022895052164
100022919536377
100022924843816
100022934028339
100022936830396
100022939747796
100022944771585
100022944878369
100022960023832
100022961501441
100022971497990
100022973086437
100022980200437
100022985123132
100022995274656
100023000861011
100023005757485
100023006673256
100023006830298
100023015921506
100023017518779
100023020863770
100023027071143
100023033539514
100023039173578
100023041386817
100023043829472
100023047933229
100023060013031
100023071641373
100023083630230
100023105555497
100023109875296
100023112429108
100023119740305
100023124902745
100023125681458
100023125966357
100023142872195
100023159254999
100023169353998
100023184240797
100023186375405
100023186859459
100023187138281
100023189439545
100023199162978
100023202798612
100023215483564
100023216466235
100023216832300
100023223770030
100023232600491
100023237690826
100023260693637
100023270766922
100023271113088
100023274219330
100023279416377
100023286773688
100023293610752
100023302596504
100023307135226
100023324532756
100023326203315
100023330053081
100023339642187
100023340876946
100023346574159
100023358499229
100023364939758
100023364977114
100023365268036
100023368443156
100023371127221
100023378200094
100023378993276
100023383552114
100023384708905
100023390591957
100023391369386
100023400450585
100023405930318
100023410568562
100023412293734
100023422063967
100023429047433
100023434193672
100023435321218
100023438526881
100023443238337
100023447854020
100023448499342
100023458733707
100023458839396
100023461635985
100023466543058
100023482988770
100023485696834
100023490081066
100023493859732
100023501211207
100023502949681
100023504241762
100023504693142
100023509654529
100023512821885
100023513624998
100023514968973
100023515689501
100023516552570
100023520728590
100023529946537
100023532306892
100023534559542
100023541653185
100023541827598
100023542893302
100023543751046
100023549873772
100023554860077
100023556031109
100023558467139
100023562891542
100023567259437
100023567602905
100023579250492
100023584891824
100023585890841
100023588310100
100023590489774
100023591439023
100023592381395
100023594053333
100023597691412
100023598308277
100023604706199
100023608661032
100023609221287
100023610524304
100023611431236
100023615138406
100023615142379
100023616693926
100023618482016
100023629793583
100023631820391
100023635695320
100023638314071
100023639993371
100023642592631
100023652069043
100023652305716
100023654970454
100023657590799
100023660177366
100023668781027
100023670182139
100023671418880
100023671636296
100023679024365
100023685573818
100023694515199
100023708130445
100023710762580
100023711746917
100023732170655
100023737181891
100023745023350
100023754521871
100023756570077
100023766824111
100023770806019
100023777281361
100023778459288
100023783284420
100023783648096
100023794052747
100023801160717
100023809863184
100023810423782
100023812516766
100023822791362
100023825686490
100023834652371
100023839564533
100023839591043
100023841547336
100023848384362
100023848517743
100023848654602
100023848672831
100023853939460
100023872266127
100023874276076
100023874952755
100023877891188
100023879060538
100023879112312
100023885470399
100023898517903
100023902275293
100023911925714
100023914810423
100023919120547
100023921235996
100023921931155
100023933049060
100023941995872
100023942648698
100023944278657
100023944444970
100023955549202
100023970741627
100023977841019
100023985733362
100023988944216
100023993868577
100023996913848
100023999802435
100024000407687
100024004176520
100024007990743
100024014555035
100024016692840
100024023045915
100024026174790
100024027830687
100024031239418
100024046641317
100024046989003
100024047670152
100024047719336
100024066152913
100024069065228
100024071448977
100024072284270
100024077152973
100024083059082
100024084435345
100024089744784
100024091148755
100024095569738
100024096367717
100024097246866
100024097400603
100024102800610
100024107016024
100024108379619
100024110057482
100024111165056
100024112181152
100024117248693
100024120532191
100024121565872
100024122837901
100024130840664
100024144255987
100024144550039
100024147914473
100024155887664
100024156853429
100024160841991
100024171221611
100024174288910
100024180501502
100024189961937
100024197901317
100024203503381
100024203631131
100024203673860
100024205392397
100024206706391
100024210742132
100024218093365
100024218122376
100024221592671
100024223716050
100024224361824
100024225018849
100024226098089
100024226128502
100024227358352
100024229962402
100024263682388
100024264953851
100024272422402
100024275872590
100024276843981
100024277030267
100024283849017
100024284202573
100024286599877
100024290613893
100024293252932
100024298244680
100024299989989
100024313696999
100024317194110
100024317992381
100024327853269
100024329140589
100024330528838
100024331811400
100024335492604
100024337878933
100024337881758
100024342003285
100024342760978
100024342814915
100024348564299
100024359948904
100024367188622
100024368955410
100024374471896
100024375060135
100024376103288
100024377316760
100024380704813
100024385031740
100024387759540
100024388442782
100024388754017
100024394325377
100024396637144
100024397264228
100024400775510
100024406770687
100024413918278
100024416034228
100024417711329
100024423240854
100024429221105
100024443622633
100024445913822
100024450772046
100024451728772
100024454673913
100024456885507
100024457172659
100024462403848
100024462683366
100024470118443
100024471106162
100024473394211
100024485858657
100024488550385
100024495278715
100024495666984
100024497991168
100024500920554
100024511998075
100024514191694
100024517029307
100024519166535
100024527670657
100024530974401
100024537225369
100024538172122
100024542170501
100024553271026
100024553412541
100024553698488
100024560471950
100024567853258
100024570583754
100024572558188
100024573702404
100024578859969
100024582545688
100024585106822
100024586262172
100024588321338
100024589643813
100024589688790
100024592433125
100024594078421
100024594574338
100024595904303
100024598133654
100024605113353
100024605354280
100024609692586
100024613283441
100024615795522
100024616715803
100024630181022
100024630642447
100024631560995
100024645973336
100024646456637
100024649248688
100024649750311
100024663576228
100024669450887
100024684438986
100024685426048
100024689191146
100024696353189
100024704512923
100024706537344
100024708393099
100024712009878
100024729313464
100024732675319
100024732864241
100024735336657
100024737124110
100024737386311
100024737912904
100024739731627
100024755143381
100024758853331
100024759801437
100024760153062
100024761950627
100024763087114
100024764108521
100024767193809
100024767918312
100024772326849
100024772685678
100024778862091
100024784055663
100024786617725
100024793099461
100024794061787
100024794802522
100024800112887
100024807934649
100024813165282
100024819548201
100024824115584
100024829583354
100024834256725
100024847746636
100024849860803
100024855250010
100024861367285
100024861467582
100024862692740
100024869858342
100024873422807
100024888635957
100024891007765
100024894252868
100024898390539
100024905883514
100024913114595
100024915529541
100024920403771
100024922243051
100024925922557
100024927037090
100024928629565
100024932223116
100024943178080
100024951121501
100024951951734
100024964453774
100024967812788
100024979890744
100024989163171
100024991057775
100024992888496
100024993094466
100024997042670
100024999070898
100025001644398
100025001932948
100025003509632
100025003702849
100025006712836
100025016198686
100025018694449
100025023558760
100025024664931
100025025227845
100025027530539
100025034222529
100025042214677
100025045583245
100025046733462
100025058048386
100025062922654
100025063958002
100025069187721
100025077063936
100025080169247
100025089700063
100025095489369
100025096809209
100025098592937
100025100955537
100025106235455
100025117957104
100025121866942
100025123628531
100025124280300
100025127200757
100025129875572
100025130150656
100025136130337
100025139233936
100025142439306
100025143054326
100025147027206
100025155739858
100025156012693
100025158512285
100025161130285
100025171901495
100025175234633
100025181412081
100025181622200
100025181743394
100025182271017
100025189054948
100025193460763
100025213691678
100025217592633
100025217900634
100025217963671
100025220199965
100025221499421
100025226835067
100025228123793
100025228582255
100025230114314
100025232626205
100025233152860
100025233395190
100025234321194
100025239763173
100025241912792
100025242030306
100025248784803
100025254050971
100025254451109
100025277581178
100025280117744
100025280897314
100025282539035
100025292783593
100025296212765
100025304063471
100025310884173
100025311036187
100025320608561
100025322286718
100025326852495
100025329677149
100025331863091
100025335248962
100025343391701
100025346252710
100025347073834
100025356849358
100025361253604
100025362038663
100025370764755
100025371374510
100025372688566
100025379442859
100025386451932
100025395487410
100025399689063
100025401530610
100025403235453
100025405744523
100025410423545
100025426350929
100025428456700
100025432365768
100025433311059
100025433942373
100025436587908
100025438553972
100025448111646
100025475661224
100025482575394
100025489934491
100025492863026
100025493889087
100025505529750
100025507219660
100025509112193
100025513353499
100025518202573
100025533679348
100025545684089
100025558635988
100025562602600
100025567779474
100025571721844
100025573051295
100025581952847
100025586106506
100025589640984
100025595234436
100025596162039
100025598143980
100025599651516
100025604407677
100025608589794
100025636669398
100025646869728
100025652793862
100025666869364
100025670147052
100025673795091
100025674847910
100025679973440
100025690754187
100025693813828
100025695169381
100025695634600
100025699788724
100025703593930
100025729209157
100025738253517
100025757706048
100025761157591
100025762782948
100025764634528
100025773349262
100025783222843
100025802326019
100025809270649
100025812820531
100025819060876
100025829210930
100025830871657
100025854736726
100025854803932
100025860900977
100025861067997
100025862593102
100025865370204
100025886028153
100025898551012
100025901451666
100025916330627
100025917438150
100025918189263
100025927279611
100025932069926
100025934379233
100025938076420
100025938102707
100025940073362
100025947277647
100025949830473
100025951722039
100025951873312
100025958750281
100025971379141
100025976254281
100025987031695
100025987672665
100025990475383
100025990791551
100025991553596
100026016390687
100026020757066
100026021145709
100026026908825
100026045001759
100026051400887
100026052303005
100026061064429
100026079182417
100026080632643
100026086483433
100026089063412
100026097109199
100026099982432
100026106300756
100026107651035
100026110310893
100026117881076
100026122693317
100026133286579
100026133290900
100026136910105
100026140534546
100026142305003
100026145004370
100026146320159
100026153498434
100026157995550
100026158662503
100026163726997
100026166876855
100026167693941
100026171310326
100026173574767
100026177448980
100026180870867
100026183825413
100026184305715
100026188579060
100026215590391
100026217246511
100026222830146
100026230454572
100026236770766
100026237833038
100026242893537
100026247183457
100026248424196
100026255163627
100026259993467
100026269500878
100026273110309
100026274618632
100026275794326
100026276435656
100026280373511
100026297268976
100026298481686
100026300628282
100026303649900
100026310707329
100026313581473
100026323512366
100026333240081
100026333736538
100026339853943
100026340853029
100026343047006
100026345510144
100026349223712
100026350581977
100026351352163
100026358982865
100026359350253
100026366298367
100026383089437
100026383907737
100026388998239
100026392641587
100026393416085
100026400997721
100026401083757
100026403200164
100026403753020
100026403790609
100026408925690
100026409340780
100026409614241
100026415093046
100026418376787
100026421464029
100026421900827
100026422150969
100026423889498
100026428794075
100026429448032
100026431125951
100026431418154
100026432100119
100026439699233
100026444919062
100026449263546
100026457371687
100026458530819
100026462651286
100026465940092
100026466190996
100026477690574
100026481529024
100026488741554
100026489527711
100026490046420
100026491809495
100026501077409
100026508377638
100026509447023
100026510323822
100026511939824
100026517731455
100026518010294
100026518622992
100026521061653
100026521297868
100026525866762
100026534592456
100026539158807
100026545748933
100026547791060
100026558242289
100026567610116
100026579316319
100026583173122
100026583308763
100026586277236
100026597974368
100026599500640
100026606807162
100026607400814
100026610490981
100026617282483
100026619343153
100026620216339
100026620457300
100026621347253
100026622633644
100026625066261
100026625713991
100026625848739
100026628830597
100026632431354
100026651802805
100026654089832
100026654626586
100026657257346
100026658915146
100026660858286
100026663382095
100026663830428
100026679010626
100026688203718
100026690949801
100026701386260
100026710214089
100026710488322
100026711710821
100026713282892
100026717686840
100026723332696
100026733274123
100026739494113
100026742888242
100026747116095
100026748348261
100026751606759
100026757067397
100026759715091
100026761635597
100026764230177
100026769737035
100026771927377
100026772556340
100026772736102
100026773302376
100026777270420
100026783702438
100026785119395
100026785362261
100026788785654
100026796511466
100026797329708
100026797519745
100026799743109
100026800176939
100026801231276
100026804410798
100026810673657
100026815328801
100026825347976
100026829094268
100026843079302
100026848912189
100026850291134
100026851790986
100026858690646
100026859007267
100026859593855
100026867943383
100026868024320
100026870642856
100026872632399
100026876602730
100026880667119
100026882081603
100026888172459
100026889579707
100026890538963
100026892947361
100026894182396
100026904615843
100026909086845
100026914877990
100026915083045
100026920816431
100026921504036
100026925879308
100026929455778
100026932613651
100026933807716
100026935759965
100026938614247
100026938882060
100026938965207
100026939361367
100026939370662
100026939512834
100026955047811
100026957603307
100026958344030
100026967918097
100026983230886
100026983552204
100026996533733
100026998546498
100027002209710
100027003518392
100027006910955
100027010309894
100027011272630
100027015108753
100027019882721
100027019994937
100027021170247
100027026063490
100027031129492
100027032326380
100027034132229
100027037243744
100027040963852
100027045934254
100027048466495
100027058212706
100027058323301
100027058362025
100027063285529
100027066399128
100027067569035
100027078130302
100027079326469
100027085021749
100027092640376
100027094512556
100027096517599
100027096910750
100027101901404
100027111523877
100027119536366
100027123851635
100027130932533
100027134708547
100027139508889
100027142132935
100027142931988
100027146073249
100027150984211
100027151720566
100027152333905
100027152478506
100027156360449
100027159211891
100027161355245
100027162554682
100027170467216
100027170554581
100027173537937
100027180973385
100027182713850
100027195433640
100027216841499
100027222311894
100027224081048
100027225828068
100027236085223
100027236407918
100027240273508
100027241692633
100027249214593
100027251359257
100027251917894
100027252427737
100027254954418
100027261157275
100027263143688
100027267767619
100027270815675
100027273128938
100027273256793
100027274038688
100027280399257
100027283162387
100027292250248
100027293262063
100027296027542
100027297605688
100027298547280
100027299888662
100027301936882
100027302025358
100027308586521
100027314553664
100027315550810
100027331651233
100027337370763
100027338284896
100027339124951
100027340991386
100027344289107
100027353675269
100027354753377
100027357096385
100027366348057
100027367515807
100027367568880
100027368821138
100027380530319
100027380707497
100027382759104
100027383736429
100027385540957
100027386642177
100027388025587
100027388532859
100027391415262
100027392050917
100027395983344
100027396496493
100027397312375
100027402300072
100027402438605
100027404384963
100027414616218
100027429942880
100027431086840
100027431887617
100027432333823
100027440469957
100027440803786
100027463122006
100027466211367
100027468853484
100027469243339
100027469402974
100027473803922
100027478368026
100027479954592
100027481533849
100027482282580
100027489282677
100027497150675
100027498822872
100027505202072
100027506122349
100027514312325
100027515421245
100027537796519
100027541792621
100027545705852
100027556042293
100027558309381
100027559090559
100027561584575
100027562657743
100027563693019
100027567109541
100027571477063
100027571603166
100027574120654
100027574298022
100027575414070
100027578163715
100027578357309
100027590441831
100027593915785
100027602737760
100027604505812
100027610424235
100027616034347
100027621109821
100027635326028
100027635443774
100027636457239
100027637792934
100027638919107
100027642432767
100027643389688
100027648363172
100027649342681
100027651322953
100027660680868
100027662294143
100027666110912
100027669856597
100027670666108
100027672831848
100027674662455
100027676222555
100027677330132
100027678792066
100027679832795
100027680763159
100027681612778
100027683812941
100027686271634
100027687874643
100027688721688
100027693229094
100027699859613
100027704749832
100027705953941
100027707873334
100027711006197
100027712009992
100027713373363
100027719381737
100027722807945
100027727034402
100027727217119
100027729246632
100027729790085
100027736629441
100027742654148
100027746229101
100027751180363
100027754848856
100027757055902
100027761383029
100027773716296
100027775102354
100027775364766
100027788835917
100027790783214
100027791376739
100027801320709
100027809363747
100027809648321
100027810071359
100027813290517
100027816252069
100027818731434
100027826116496
100027828586000
100027829571346
100027830408662
100027830880451
100027835293947
100027840420010
100027840975052
100027845663981
100027846590614
100027849073756
100027849332879
100027851056872
100027854228823
100027854504502
100027857798156
100027858840294
100027875311711
100027876840570
100027878181625
100027878436853
100027881202864
100027882705694
100027886097400
100027892269604
100027894185561
100027894272754
100027901250558
100027901959661
100027903223142
100027906375844
100027906731892
100027908444469
100027913080704
100027915945763
100027919200419
100027923221403
100027923752269
100027923886010
100027929562533
100027938767951
100027940634354
100027940782881
100027943591589
100027945228442
100027954971904
100027954990261
100027955442995
100027955755626
100027957047200
100027968057922
100027973253411
100027973847379
100027978526011
100027989533173
100027989659876
100027989895855
100027991156878
100027997613531
100028000423154
100028001627646
100028011909595
100028021822079
100028035577334
100028037103038
100028042572895
100028051213068
100028053136333
100028054476766
100028054819975
100028059346407
100028063510714
100028067601500
100028067796988
100028068859060
100028072175746
100028077482869
100028078178691
100028082171538
100028085717992
100028092968542
100028093098644
100028109419070
100028114336429
100028114395775
100028124195735
100028126242698
100028130044350
100028130298868
100028141901873
100028143724561
100028145736658
100028146814487
100028147600551
100028148850766
100028155017446
100028155670054
100028160150082
100028161647854
100028168594979
100028168636618
100028169622467
100028180394588
100028186784310
100028187633908
100028191943209
100028192790926
100028194159908
100028194731792
100028196286074
100028197273649
100028203011441
100028204220118
100028204591459
100028207127877
100028211827250
100028213058266
100028214340211
100028223735899
100028231336042
100028232110200
100028232267115
100028233138190
100028233195078
100028234081636
100028235561042
100028245544912
100028247461729
100028248885586
100028253834523
100028256269444
100028258419441
100028258564609
100028259496568
100028270160890
100028272693427
100028272824739
100028274721690
100028276121149
100028276264512
100028278224782
100028280322837
100028287932542
100028288832035
100028290645923
100028294132255
100028300140909
100028308393568
100028310243415
100028316462718
100028319133940
100028325672597
100028325730201
100028328581793
100028329951989
100028331374319
100028334521764
100028335421794
100028340321874
100028341593952
100028343742666
100028347074953
100028356164074
100028361652314
100028363323148
100028369631038
100028379060077
100028380360273
100028381602991
100028385079942
100028388386940
100028400416334
100028418413890
100028428992714
100028429153016
100028432484263
100028434574542
100028436461994
100028437741164
100028440094819
100028443876612
100028448166840
100028448856230
100028452481198
100028453182489
100028454621559
100028468390036
100028468940356
100028470860254
100028471892988
100028475101044
100028487808823
100028503754443
100028507056638
100028511872866
100028513834330
100028516810772
100028517474168
100028520211921
100028520412619
100028521215933
100028521463796
100028523388133
100028526441999
100028539250661
100028542541751
100028544831180
100028554133721
100028558681980
100028568112355
100028569814396
100028571836895
100028575323070
100028577361082
100028578761660
100028580022240
100028580323345
100028584182332
100028586678352
100028591006562
100028591239177
100028595544369
100028599845410
100028605877958
100028617516126
100028623564193
100028625415207
100028629734941
100028639384215
100028649723011
100028656048707
100028663216008
100028671481507
100028680135153
100028681457537
100028684943876
100028688352625
100028691733842
100028691800210
100028696669400
100028697543055
100028725234029
100028727601955
100028730858154
100028730987586
100028735483874
100028748263366
100028753664920
100028754073046
100028754224600
100028757153497
100028758496019
100028765513567
100028773405525
100028775108212
100028778730424
100028782706427
100028783218140
100028791343412
100028792987595
100028800063832
100028804212149
100028807310805
100028810216439
100028810330067
100028816536255
100028823769734
100028830277080
100028830823893
100028833136265
100028834628158
100028840006100
100028841290425
100028842185232
100028845584363
100028850018684
100028858029742
100028865300972
100028866464393
100028868840594
100028872709590
100028879184878
100028879193990
100028884489493
100028885969432
100028888203044
100028896172283
100028898814370
100028899845324
100028901190870
100028905229274
100028918035372
100028919204934
100028927727347
100028929520645
100028937265963
100028938075316
100028938112739
100028938885761
100028941132610
100028944072971
100028952303215
100028968048161
100028968606268
100028970017209
100028972623945
100028973141862
100028975720041
100028976010514
100028976232237
100028979716405
100028980471957
100028983697302
100028987027047
100028987899132
100028991805275
100028994527524
100028997280075
100028999941743
100029002514496
100029006892365
100029007073349
100029009117493
100029011531175
100029013740106
100029025152732
100029026773011
100029028333304
100029031227038
100029032403006
100029034293183
100029035067360
100029035115524
100029036866297
100029041464132
100029043979335
100029044312331
100029054330568
100029054796978
100029055010988
100029056832317
100029058161012
100029063347744
100029063502531
100029065086785
100029071515818
100029072474381
100029081904192
100029084854078
100029089129974
100029095848697
100029106047896
100029110515579
100029123990804
100029125940288
100029127015908
100029129418445
100029129850636
100029130215339
100029130856725
100029131461045
100029140133513
100029140304485
100029142694336
100029150072009
100029154531532
100029162371722
100029164357640
100029164633575
100029165881388
100029166823967
100029168391521
100029168593184
100029171230117
100029173775616
100029175077609
100029177201536
100029178304264
100029181110053
100029182510990
100029182909623
100029187811824
100029188596787
100029188929459
100029195993544
100029207715725
100029207963006
100029210895413
100029212305003
100029220073294
100029221417358
100029223110321
100029223162254
100029223188995
100029226632250
100029229964763
100029241527166
100029244851968
100029247548883
100029248295568
100029254365170
100029255658915
100029259638160
100029266582823
100029266776424
100029274010059
100029279130951
100029280347718
100029281962904
100029283249880
100029283427097
100029294234162
100029295427650
100029295755965
100029298370523
100029301042176
100029301753472
100029311112848
100029311839124
100029315745159
100029316190466
100029319330701
100029320997190
100029326213751
100029326483442
100029335684085
100029336958087
100029339315173
100029340624365
100029346320090
100029348071563
100029354374775
100029357250959
100029358750469
100029365474836
100029365733620
100029369483406
100029375643315
100029375694081
100029377971100
100029383203045
100029383912466
100029389757966
100029391343230
100029396392906
100029402444083
100029403404264
100029406828908
100029410756813
100029412011695
100029416546855
100029418647049
100029419280713
100029431961452
100029433517327
100029433760415
100029436998527
100029449927785
100029454397015
100029454954225
100029456958184
100029467788068
100029478185925
100029478632893
100029483373586
100029489693407
100029491185383
100029491967605
100029493216480
100029496952083
100029497572671
100029500032308
100029501770146
100029511678851
100029512764105
100029514906954
100029515294562
100029525986807
100029526723154
100029529573253
100029530984285
100029542512810
100029543717451
100029549297474
100029550720836
100029551666527
100029553579599
100029564042193
100029564704653
100029565229292
100029566444311
100029569211379
100029573764048
100029575041359
100029578380782
100029579942583
100029587456483
100029592877500
100029601560527
100029609851527
100029611414384
100029612461863
100029616252485
100029618400524
100029622382867
100029625228259
100029628907582
100029633347711
100029637677619
100029645141370
100029645182937
100029647244789
100029653073069
100029663564546
100029667915283
100029673948026
100029676223527
100029678141980
100029678280343
100029681018857
100029681333558
100029681441853
100029682249653
100029688290349
100029689031030
100029690016051
100029695777052
100029697031842
100029700649760
100029701502685
100029701956341
100029708602920
100029713534562
100029714713984
100029716865315
100029717346666
100029723319222
100029725908152
100029726268171
100029730541030
100029732408109
100029733481244
100029736571981
100029738977443
100029742453131
100029748548951
100029755094432
100029760231173
100029763143780
100029765802893
100029767941205
100029769334596
100029775667757
100029779207900
100029781711661
100029783649981
100029787273665
100029791973252
100029794156119
100029805410429
100029810805182
100029812001742
100029818591211
100029819925288
100029826073415
100029834389926
100029836860660
100029844811861
100029853470390
100029861539046
100029863655467
100029873593262
100029894110475
100029896061640
100029902957319
100029908687333
100029913621513
100029933533934
100029934378405
100029935568867
100029938038366
100029938298733
100029943858014
100029946943057
100029949104579
100029949877695
100029957857775
100029960042059
100029960982853
100029966431671
100029968731763
100029969851665
100029970410692
100029972054230
100029972383817
100029975596324
100029975934074
100029979398518
100029981553953
100029981719548
100029983568748
100029986262346
100029999510077
100030004511591
100030005058926
100030007275318
100030009043065
100030014480307
100030025654838
100030026381803
100030026688436
100030027043706
100030039734642
100030040093544
100030041657063
100030046862746
100030059867831
100030066621380
100030068827348
100030071933847
100030072470000
100030074299248
100030076843418
100030081006704
100030081512430
100030083386915
100030089390276
100030090801622
100030098916717
100030098959399
100030112551984
100030113467757
100030117047278
100030119325309
100030128239631
100030128530008
100030132210352
100030133007901
100030136658203
100030140001883
100030141492514
100030142583314
100030149564494
100030151072946
100030157095098
100030158860132
100030159248443
100030160005051
100030160552618
100030160935078
100030164928696
100030167843972
100030169394306
100030179989810
100030193815021
100030194974695
100030196415640
100030196714526
100030198050226
100030199515419
100030199605241
100030199863692
100030200130534
100030200317759
100030204550458
100030207990712
100030208698290
100030215983813
100030217281137
100030220515784
100030221917758
100030230031293
100030230810182
100030231019120
100030232995173
100030241085197
100030244391200
100030248329148
100030257243082
100030258347342
100030259442722
100030262913058
100030266073884
100030268094274
100030269841662
100030273306905
100030273833203
100030276931206
100030277355414
100030279723078
100030281681123
100030287984904
100030289581466
100030289642012
100030290093725
100030295479818
100030297631544
100030299011126
100030303403770
100030304950365
100030310271295
100030310913943
100030311594639
100030324942873
100030334425167
100030342091096
100030349581916
100030350850047
100030351522468
100030355058188
100030356682058
100030360886732
100030367903334
100030373156133
100030382731954
100030388458756
100030388872192
100030389954906
100030390561480
100030400011663
100030400922986
100030401286962
100030404046675
100030404961047
100030413923563
100030414532853
100030418158180
100030424279713
100030427847853
100030427872751
100030430747013
100030433134368
100030433216043
100030440541094
100030441098660
100030444243005
100030445007191
100030446312372
100030447949685
100030447950045
100030449435871
100030449766068
100030461139516
100030462561506
100030466971734
100030467148217
100030470421138
100030471510863
100030474377887
100030478206153
100030479333390
100030480248667
100030480290744
100030480765506
100030489713955
100030493456772
100030495833487
100030503137725
100030510841118
100030511056313
100030516226075
100030522862723
100030530950904
100030542135441
100030544208785
100030551375030
100030552947421
100030558811262
100030564664773
100030566082414
100030567679918
100030576113919
100030576168142
100030582365466
100030582780977
100030588120654
100030590582572
100030594180955
100030594215952
100030596888410
100030601910687
100030603860725
100030604370576
100030604414543
100030606395911
100030609871822
100030610188615
100030610812524
100030613545849
100030615502620
100030616560215
100030620953013
100030622721377
100030629015868
100030631213439
100030638311058
100030639002644
100030639631147
100030641073175
100030650790623
100030652352753
100030657332868
100030658096523
100030660915983
100030666401870
100030666648328
100030669652519
100030670770835
100030680088352
100030685691987
100030687682131
100030688750955
100030689049375
100030689791841
100030691523359
100030692721463
100030694246813
100030694611131
100030699510856
100030701631188
100030707082235
100030710013582
100030710239644
100030714403176
100030715581449
100030718090178
100030719060691
100030728373225
100030728711505
100030729305055
100030730031113
100030733538157
100030740329139
100030743267362
100030748386354
100030750966101
100030752319911
100030752538534
100030753347795
100030754483033
100030754541458
100030760230566
100030761333014
100030761974628
100030766388803
100030767050933
100030767592420
100030768099361
100030768529297
100030778221167
100030785881908
100030785981496
100030787398014
100030790303108
100030792293322
100030803207222
100030804063505
100030806341161
100030807811597
100030808117880
100030814024406
100030819910129
100030820279957
100030823250178
100030824978370
100030825741982
100030828272556
100030831771999
100030832339336
100030833351151
100030834438851
100030834883491
100030835750714
100030840878646
100030843330019
100030844398695
100030847031043
100030848138446
100030848501608
100030849600385
100030852978122
100030853518086
100030865464011
100030865653402
100030866058579
100030866645814
100030871112799
100030871911360
100030872841380
100030874194282
100030885522108
100030886206954
100030888822639
100030890333934
100030891560928
100030891664593
100030894373049
100030896110323
100030896140112
100030898002539
100030899712648
100030902190902
100030905612582
100030908000240
100030911442213
100030922911438
100030922963050
100030925271493
100030933154053
100030934453380
100030936594136
100030938499413
100030940473655
100030940818901
100030946637025
100030948816169
100030949034153
100030967583380
100030968293349
100030968631854
100030969460053
100030978924270
100030980264372
100030990320915
100030995610773
100030997754547
100030997942322
100031000220280
100031000360488
100031001033982
100031004345678
100031008734553
100031009350770
100031009374069
100031015902607
100031016623088
100031016793036
100031016990342
100031017127463
100031019357794
100031019656802
100031022812030
100031023794606
100031025043482
100031025198215
100031035561881
100031039410190
100031044187010
100031044580208
100031044585785
100031047350835
100031048633717
100031048941578
100031050757799
100031056880809
100031058533439
100031061073343
100031061743228
100031062750820
100031064856347
100031065230233
100031070117679
100031072702715
100031074545019
100031077712716
100031083289521
100031083796271
100031085497048
100031087462100
100031089918619
100031092844266
100031094363294
100031097477122
100031099660771
100031110202654
100031111633661
100031113912238
100031116967476
100031130327221
100031133299233
100031136181135
100031139422880
100031142889005
100031144035033
100031146564306
100031146677537
100031147730905
100031150874994
100031151193820
100031157212588
100031159415707
100031161284906
100031162296727
100031162807385
100031167405667
100031171304210
100031172351462
100031173233967
100031174338946
100031175900034
100031178238988
100031179031321
100031184872747
100031185107815
100031186164381
100031186304229
100031187901605
100031190131321
100031191977779
100031192965983
100031195573218
100031196273253
100031198862782
100031201024019
100031203857222
100031208917071
100031209704927
100031212573888
100031213641098
100031215440389
100031225411478
100031226212105
100031227459155
100031229592833
100031234073498
100031234983096
100031242360124
100031244087480
100031246110121
100031247264760
100031247415369
100031247572436
100031247929574
100031248544723
100031250262966
100031251412799
100031251881987
100031258333650
100031258938220
100031259994349
100031260404054
100031260575934
100031261118618
100031262895261
100031263397713
100031263744113
100031266738188
100031266970901
100031269713217
100031272540539
100031273420221
100031273791726
100031275246024
100031275283066
100031275398814
100031278275345
100031279248075
100031279785168
100031280562769
100031281826773
100031283327682
100031290973010
100031294722680
100031294758668
100031296169723
100031296592883
100031297056508
100031297943675
100031299638596
100031302758262
100031306910983
100031307378288
100031307768560
100031311788589
100031312960285
100031314323514
100031314468124
100031314995169
100031316052124
100031317850086
100031317917753
100031319840160
100031320162418
100031321410228
100031330129414
100031330262106
100031330630101
100031333261152
100031333803675
100031335195532
100031336753525
100031338067700
100031343511147
100031346525285
100031347542476
100031348942050
100031349233664
100031355872213
100031356963071
100031360371282
100031361901927
100031363384035
100031366172632
100031369562952
100031370704162
100031371875662
100031375448514
100031376520452
100031376643492
100031379091307
100031381159633
100031384816536
100031385224926
100031389462620
100031389571296
100031390532257
100031391483917
100031394530844
100031395021851
100031397301815
100031397382688
100031397773908
100031406678108
100031407532079
100031408806240
100031408862876
100031409012941
100031410347092
100031411263943
100031411560369
100031412473724
100031418763086
100031421503041
100031424657566
100031425530150
100031425823765
100031427144008
100031427836558
100031428090792
100031429541792
100031429895864
100031430987896
100031432991598
100031437757109
100031439325177
100031440214056
100031440271846
100031440980743
100031442737383
100031443001523
100031446012268
100031448959054
100031450658706
100031450831585
100031452012136
100031452462957
100031452832147
100031456650242
100031457342972
100031458064064
100031458485258
100031458589675
100031460406803
100031461696154
100031463148714
100031464318545
100031465012783
100031465042324
100031465482516
100031467095669
100031468262663
100031472440598
100031473653377
100031476398794
100031476571441
100031477582106
100031480667575
100031482396112
100031482433297
100031482527216
100031482664408
100031483935831
100031484020327
100031484480732
100031485403548
100031489957097
100031493922248
100031495452984
100031496112009
100031496644558
100031496892935
100031498479416
100031500008590
100031500273743
100031504667069
100031505708028
100031510695086
100031510982469
100031511599102
100031515582020
100031518305263
100031519538345
100031521082184
100031523884902
100031525116690
100031531380548
100031533564239
100031534411199
100031536398943
100031536952388
100031538047112
100031539850265
100031541739342
100031547901297
100031552115121
100031553049207
100031558281066
100031562717332
100031563667932
100031563814998
100031564102699
100031567627402
100031568430626
100031569180500
100031569250205
100031572120352
100031573921376
100031574737631
100031575067205
100031575193909
100031577117584
100031578802821
100031580134299
100031581495115
100031581712408
100031582695170
100031583350506
100031583752910
100031584481516
100031587366294
100031587813840
100031588515484
100031589804704
100031589868396
100031591510875
100031593701838
100031596256643
100031598283859
100031598621079
100031601856347
100031605066944
100031605220172
100031614392891
100031620618722
100031621293451
100031621533662
100031622272574
100031623694401
100031623773975
100031628025734
100031628132103
100031628251147
100031628285122
100031628865248
100031631288372
100031632256690
100031632935392
100031637392609
100031638210628
100031640946736
100031649706505
100031654507444
100031654591820
100031657321788
100031662271517
100031664464760
100031664713553
100031666266118
100031667798481
100031669744297
100031676648616
100031677215074
100031677751957
100031679288010
100031686499828
100031688494915
100031690388940
100031690900596
100031695094979
100031697922321
100031702804031
100031703374469
100031705279033
100031713733882
100031713801791
100031715558852
100031717686013
100031718857128
100031718901278
100031720629684
100031726090455
100031726763651
100031728781083
100031731254876
100031731480178
100031735211001
100031745802359
100031746990943
100031750717865
100031752473433
100031753446684
100031753803265
100031754025638
100031754625640
100031756053649
100031758453288
100031763117380
100031765452301
100031765574242
100031768865505
100031772012125
100031772469825
100031773667907
100031773998545
100031777570232
100031778451084
100031780184424
100031781356257
100031782162412
100031788673181
100031791600658
100031795928646
100031799551614
100031804610506
100031808836310
100031809074155
100031810402973
100031814572688
100031819632306
100031827073359
100031828307940
100031832003712
100031834986432
100031841953798
100031857213930
100031864884292
100031865964300
100031866871832
100031866979208
100031871183073
100031875195910
100031876184302
100031879545487
100031880872566
100031880874263
100031884443403
100031887639187
100031887810856
100031899111270
100031900341350
100031901153941
100031902040987
100031907116389
100031907198376
100031919016420
100031919260122
100031920406114
100031923849701
100031925830320
100031927665626
100031930244903
100031931740168
100031937628403
100031939921510
100031940209451
100031940567044
100031941961526
100031943257652
100031945794033
100031953335369
100031954281166
100031957094896
100031965052746
100031968946867
100031970630851
100031972425227
100031975842423
100031979827343
100031992137811
100031993263478
100031995263684
100031995737874
100031996294642
100031996307715
100031997964057
100031999443398
100032002453900
100032003169198
100032009451363
100032014692975
100032018375921
100032019051364
100032023710973
100032024842018
100032027170072
100032028412316
100032030521066
100032030765055
100032034053946
100032035245671
100032037139865
100032038868618
100032039084248
100032039653617
100032045409322
100032051108400
100032052123486
100032053772512
100032054742288
100032061540254
100032061641554
100032068455531
100032069741213
100032069860665
100032073412474
100032077750162
100032078491174
100032081866828
100032096445702
100032097637496
100032098786217
100032098802652
100032100382640
100032100891321
100032111850872
100032113096832
100032124623338
100032134482231
100032143493981
100032144805479
100032145510955
100032147072146
100032149452384
100032153866046
100032157044402
100032160454119
100032161850392
100032165445225
100032168743908
100032171440985
100032173065123
100032176335166
100032186356815
100032189142020
100032189802248
100032191692493
100032196311269
100032196660783
100032204542547
100032206460307
100032211683570
100032226594171
100032228851002
100032229124710
100032234744416
100032236661106
100032236862689
100032239100012
100032241187924
100032252442451
100032256607878
100032259411472
100032261740463
100032264490349
100032277320600
100032284877940
100032287416068
100032291119191
100032291858707
100032300432159
100032305473339
100032308772109
100032310972580
100032312435962
100032333735879
100032342540412
100032345343425
100032352339935
100032353939841
100032371742597
100032376646615
100032387170144
100032393626396
100032403304730
100032421211165
100032423435548
100032432647749
100032447434520
100032452084927
100032454009421
100032459064335
100032461299097
100032463502689
100032477686274
100032480440064
100032488410686
100032489356173
100032493319023
100032507883131
100032553403676
100032553484130
100032587463131
100032596090337
100032609281532
100032628440031
100032631943645
100032643727860
100032649079405
100032654431113
100032655405768
100032669358905
100032698605300
100032703231120
100032708770013
100032761934927
100032826303707
100032879019457
100032922852043
100032960574046
100032965160613
100032969754274
100032972469055
100032978675566
100033010295142
100033014955836
100033030131974
100033032811941
100033052629055
100033058538714
100033085803783
100033091626673
100033096232527
100033112084539
100033113778921
100033125858234
100033157891621
100033158627043
100033158946050
100033164403623
100033165165772
100033165172332
100033173508554
100033200595670
100033210043016
100033211131173
100033243921789
100033244778054
100033289031375
100033304763235
100033327915528
100033346890852
100033354312227
100033357815912
100033359711280
100033371925313
100033380792438
100033382262419
100033391811958
100033395374300
100033405123749
100033406420520
100033420741415
100033427476663
100033429930811
100033430605156
100033449674318
100033462320055
100033467089602
100033486035613
100033502458809
100033509599610
100033510441322
100033516961290
100033542143047
100033549151999
100033550836102
100033557508664
100033557851411
100033569051442
100033569446029
100033571630780
100033576938110
100033598366907
100033598509103
100033599867106
100033600051314
100033603829404
100033607962734
100033608203215
100033616514704
100033617864185
100033621164915
100033624222095
100033633672984
100033635224922
100033650173084
100033652146176
100033652696600
100033656285927
100033672066634
100033723691736
100033747457784
100033757536941
100033757865525
100033771092883
100033789733077
100033796355976
100033801212083
100033925183188
100033956354117
100033973733445
100034080074249
100034115468885
100034408327680
100034470230135
100034498516434
100034504599223
100034531548856
100034538149763
100034551874630
100034609627257
100034609892037
100034640539256
100034659763014
100034694423050
100034731349293
100034846063139
100034901613080
100035040007432
100035052970278
100035152052606
100035162231704
100035213741209
100035234256668
100035316393451
100035318143009
100035409040953
100035559876032
100035632838951
100035708072249
100035965534738
100036150614237
100036178584288
100036569570537
100036806773127
100037216267368
100037254954305
100037290885367
100037533544848
100037599273519
100037685364386
100037948522656
